7394
8123
1597
8017
8681
6246
2212
6120
472
658
7249
78
9271
6254
3511
1857
8643
4990
5690
1008
8633
4061
6151
1753
4118
2613
7428
4483
9069
909
5369
8301
1576
8722
8111
311
4290
1514
2216
879
5749
7141
2224
9503
4479
2740
6642
8804
4571
1487
1102
7459
1373
5121
9369
9559
4958
2759
8661
7854
7049
8025
1475
4500
8612
5928
9302
9552
5507
8921
4458
814
8761
1248
1829
6989
8577
1648
6940
5418
1389
9042
3849
1436
156
2805
156
9569
161
6437
7280
2345
4146
8207
4992
6498
1390
2035
9241
7875
4114
8539
753
5902
7774
6380
1288
7823
2819
9098
5934
8074
3696
5888
7430
5108
6670
3008
713
2752
6088
9368
1550
5197
5135
3622
5912
5278
5149
1214
3616
250
6168
3161
2613
869
3402
6112
9138
5663
5502
537
2079
9595
141
2129
1418
9011
1338
955
1863
6522
3147
7448
1973
6482
762
4695
8388
8272
250
5039
3124
1708
925
9371
2943
5821
6917
3125
6153
4228
5354
1366
7991
7559
5564
8044
399
8210
7786
7357
4126
7513
9634
8444
3439
3569
6041
2874
9034
4895
477
2494
4540
5649
4681
4776
2646
8380
3641
274
7496
5606
2607
9080
8751
7685
8853
1322
572
8903
6676
3951
4951
1572
1732
7533
5844
2192
6421
630
5861
5477
8126
4436
2416
8305
9700
777
5714
2620
5085
592
564
6413
1765
1128
829
3213
2320
1522
3145
7356
4641
9033
1481
5458
747
66
6858
6457
9926
8692
6570
633
7221
1897
152
5972
6981
4261
4140
1828
9576
6215
4375
4401
3299
4286
5932
1063
628
5613
5407
2663
2585
3618
9484
8989
2029
7732
8539
2226
2244
1579
1331
6355
3065
548
6157
546
1797
8677
1307
2971
563
3918
184
154
9186
817
1617
4603
8027
7971
5189
6754
1843
5283
5497
4588
2659
7930
2415
6501
8870
7604
6167
6155
1619
7934
7686
6755
2620
2960
5831
539
4918
6190
864
4320
7370
9545
678
4721
9419
7611
867
9923
3561
2627
1910
4967
8229
9933
1628
1881
8502
566
2335
7226
6731
7310
9772
2159
4962
9839
2184
7163
3561
1854
4293
3147
67
4783
2834
449
2061
8190
6897
2532
4849
2507
814
6518
523
4885
4332
5493
1338
8058
8017
1510
1833
5501
757
2687
303
3066
7303
227
5299
9911
1665
2948
5460
4635
1965
5572
8329
771
5512
2236
8788
34
6758
2081
908
9641
7526
8371
3547
5927
8327
1864
2709
5043
2299
1561
3322
7416
7819
6331
6830
1232
3020
1169
6007
5460
1648
320
2950
3827
7792
3363
2730
2417
8456
6480
3105
161
8755
6074
1105
6582
9769
360
8566
343
3830
375
1276
8690
7293
2987
7200
2402
636
2556
130
179
9618
1374
1310
469
7055
4769
2763
6815
6011
987
4258
4279
570
2530
419
5151
4077
3823
5430
450
6396
5247
4622
3711
676
7995
7810
6340
8411
1915
4990
4431
3308
4631
5607
5682
8239
8142
3710
1413
4759
8858
5559
8304
9907
4499
9403
8857
4381
2755
9979
4587
519
6203
9781
7560
2616
7300
716
3375
2481
7960
2019
3185
7076
737
1466
7393
4055
3538
1900
6491
6965
7029
8856
2119
3174
1573
7471
2109
6273
6878
5710
3850
1103
3329
7452
9108
2993
8828
4789
1243
596
3929
1385
6897
2212
1254
1327
8171
7759
1077
9630
9512
3516
1653
1117
8546
1164
6176
2776
1410
6735
5126
6774
6745
5290
6779
7066
5484
4776
9724
2327
7855
8286
1432
3687
9814
9700
6956
2749
9688
1456
3711
698
4501
3301
864
1661
5049
4140
3565
4974
1521
2449
117
5213
9182
1842
5071
9558
375
1700
3581
2440
228
1623
2140
4870
4441
9146
605
6718
6559
2257
2761
408
2041
3830
6479
4929
3733
9519
7362
9689
5458
9791
1986
7113
1713
1758
6791
1833
5727
3357
5973
4897
5553
2757
3324
8542
7073
8160
1408
1032
809
587
4073
2802
5437
5081
2299
481
1342
1419
5720
4048
7259
9295
1780
4755
9531
7655
3354
5067
8969
4572
8926
1818
2895
4386
5090
2583
2263
2973
5021
8612
797
2948
7400
3422
1784
3958
1339
5765
4795
5578
696
6685
1991
1195
9765
7235
2468
4388
1776
3636
4095
4328
910
4907
1494
9749
373
3609
8354
5050
9083
7498
596
6390
9791
1013
1971
1523
7526
5044
5653
1044
1640
2198
1276
7114
8188
1537
6067
1197
4673
8956
6121
5769
2383
2059
5229
5399
7709
6972
1947
4478
7684
3618
6149
8505
1124
1359
9606
5770
5078
6008
7347
1871
7970
9460
2227
1141
8513
6997
6672
6795
1957
5642
8318
7272
248
5220
2620
1199
5698
2295
665
6577
6895
5251
8041
195
6881
3444
392
7154
6354
3159
6254
8197
236
3311
2979
7059
3116
3606
1877
1508
1908
5351
7751
5836
625
6988
9596
325
8540
2403
8693
5291
3700
5799
7032
2910
5372
3292
2754
292
8465
4426
5085
6238
9056
94
2693
7276
9125
8173
71
6210
2870
171
9740
925
3313
2316
6725
961
3268
7160
167
2565
9836
1012
2985
6946
511
126
1675
1191
4973
1785
5033
4448
7876
7658
1552
9432
2884
5394
897
6781
1556
9230
3396
6163
5634
1275
4750
2908
2512
6862
1318
6198
3485
4531
1476
2069
6273
211
4859
3859
3117
636
858
5669
5746
4284
6301
2560
4418
7853
4793
716
4740
7624
6087
4871
5819
6291
752
3741
1737
8845
1099
9223
2048
5115
4419
5201
9466
7476
2108
929
425
1498
263
4980
9009
826
6404
923
8501
7718
3447
519
2031
4720
6206
7296
6852
442
290
4348
935
6412
5021
8830
2141
1110
6667
2733
5265
8422
3172
263
7033
8940
8360
3542
7913
1340
5116
1873
8054
7812
2116
310
3102
319
5937
7847
2629
6393
5261
3394
9539
7140
6853
6373
1293
1514
2183
2674
8912
9988
7131
5584
6134
3722
9367
8594
4466
8620
6717
6299
6286
7777
6232
914
1527
6797
5719
627
9031
1928
7737
5622
8739
1805
4154
8436
86
449
637
8039
8478
3381
8554
5841
1830
6188
7673
9616
4580
6961
2048
944
83
7907
8634
3074
8180
4194
9785
6668
3920
2719
1661
1856
5329
5455
9973
2993
1714
6081
5269
692
7635
1312
8569
9684
7442
4570
5081
7704
8695
9394
1901
5017
15
851
6803
7006
1227
9590
5086
6698
8841
4022
3922
5161
1699
1874
1150
2182
2423
5538
5032
4737
120
2462
1023
4384
5506
3916
8029
1731
8387
7688
3627
1884
1400
4377
5626
9007
2742
6033
3439
2838
4555
1748
511
216
3075
3581
8316
6139
1071
2766
750
1431
8035
1479
9093
2445
5007
5465
4829
3880
5296
651
1139
4611
3240
4140
4632
1452
4860
8074
3844
9671
1036
1395
364
2245
7512
4602
7591
8086
9568
6828
654
8733
781
2819
1442
4996
6911
4506
6738
9648
1127
4754
1069
3189
2054
5381
7988
8957
9780
1770
4628
5941
245
6345
8755
8713
5898
7695
1656
2017
740
1907
7616
6220
8894
4137
7759
1164
1404
9751
6884
5073
5950
3511
1072
1771
9737
8461
7271
522
5304
6377
5144
7321
2287
2335
6666
4235
4721
1589
8679
7779
6626
76
1918
1242
207
1827
4291
5933
9580
6728
3034
6741
2670
1936
8132
1436
8475
1626
1465
156
4831
959
7463
9178
321
220
4185
5667
532
2051
3387
453
1250
223
8477
1
5382
3783
2775
2288
7289
1620
365
4548
4256
1014
9186
1264
8595
8244
1425
2410
1825
2243
5753
3808
2882
1514
1577
5945
5485
819
5997
2046
9548
7427
6856
3705
6221
2174
8739
9068
9594
197
4228
7236
2042
465
498
656
7945
1269
5416
685
2582
6767
6904
7668
3260
1775
978
5782
7332
5595
3285
422
1208
818
6789
6872
6282
9600
3198
3113
5238
1649
1848
3023
4662
1513
6587
9778
5285
1539
4645
6156
1766
4265
1594
9677
1190
7220
4699
7505
3887
1124
4746
9750
2366
7410
9884
7336
5799
5700
6496
2655
7719
9217
2320
4509
1883
6886
230
7424
4127
5016
3889
3311
6873
8746
1527
7379
8392
1953
9692
2915
5799
2582
1972
1748
1142
4876
7926
6240
6763
6084
4467
5623
1444
4029
4917
6532
768
5279
7994
4850
1663
5546
3635
4414
9928
2954
2200
3550
266
6894
7551
8194
2084
7721
6509
1674
9336
7704
1803
8041
9533
7862
3964
1337
5573
637
1855
5550
1215
9661
7472
239
9838
1026
6244
3346
9625
5601
1829
7895
1427
3618
4506
1769
9054
1957
9226
7872
5196
8270
5346
4970
71
6883
5638
1579
2946
2104
6149
3026
4255
3432
4512
5935
8738
8311
1483
8994
6421
6902
7957
1509
1246
6055
9733
909
8622
4977
3717
9453
1723
4070
4260
2571
7168
7731
5623
7831
1155
3223
9295
3737
5448
2568
1521
1210
3204
5539
993
790
1909
1346
6384
5185
7232
6019
5977
664
8298
7974
5670
1385
1131
4951
1656
2469
6912
9261
9383
2964
8704
66
4663
8538
8722
6245
9163
7801
61
7036
9358
9783
4975
6621
1168
2178
1650
2143
7229
4929
8428
8108
725
3868
3782
8650
5287
4063
6527
6299
7871
9546
6081
2129
258
6061
837
9606
823
8835
9811
1179
265
6492
8413
4687
154
4368
8748
6483
8282
2608
2186
6811
1081
8495
7554
8023
3081
2833
3301
9635
295
7074
2991
1260
1499
1018
8617
2068
7517
7136
2176
9768
7579
5821
4005
3472
4985
6099
918
3446
2408
3150
2814
1483
2730
6553
9545
2742
2069
2035
7354
9870
2422
1971
5584
6123
5672
3130
7254
1784
4676
2457
554
1419
2571
7683
209
2407
19
5876
5305
7026
1982
385
1918
8259
1617
6258
7761
1439
2227
1006
1638
5268
1045
7590
1997
4341
5777
6500
4772
1175
7061
4245
8635
939
5618
5301
7240
2430
6176
4666
1035
1869
4021
7620
3940
4781
5782
5523
7732
1257
2636
6857
7474
3901
5675
4209
6815
7587
1151
4705
9259
3100
3224
572
5482
4418
39
5211
1985
3211
5401
7597
5382
4976
8484
4236
6151
2959
1520
3650
3129
5534
5320
5548
3476
9809
689
4574
1068
5421
1306
2935
4404
4686
4436
279
7678
1366
1027
7262
326
391
7894
1190
5904
1235
4436
5699
3119
7906
616
2410
5143
9956
1406
8048
6629
2999
4878
53
2238
2523
7625
1392
6725
7332
8529
5293
8257
3648
1182
6309
2046
1114
414
9964
1075
2350
1117
5248
6084
3469
1413
496
1416
9796
2199
4172
1214
7752
4667
4476
8092
8692
7205
9124
5576
2871
1592
5542
3930
8248
7743
1592
6993
6795
2442
7063
8581
680
2406
9436
5278
538
6048
766
3267
981
6411
8744
2645
9852
3663
8605
9005
6082
709
2953
5907
2943
3505
2346
8929
1733
8127
1823
615
4820
17
8096
8096
3707
4055
8126
4837
3199
6608
3003
4000
1793
1857
5437
6404
8283
2036
127
5643
4731
1746
249
5504
9620
2403
6722
2862
6865
8853
99
2888
1307
204
61
203
1261
4761
1726
8961
7045
7278
9456
6135
8398
2065
5698
5265
6301
6511
8123
9581
4264
1331
7228
4981
9245
7447
6613
8393
450
9386
1755
460
1113
1090
5193
3006
1063
5092
6724
1914
9172
4962
996
1408
1013
6900
4287
8678
5897
1002
9672
7147
7729
2353
5112
7788
6900
1588
1356
6330
4417
8293
5440
7276
6134
3484
7113
1057
416
255
1849
6328
2644
3123
6495
5236
1582
6402
2045
5082
7800
7053
478
1117
2222
5108
3975
204
9167
8803
1053
2233
4118
7087
1416
4574
8697
290
6375
9820
4514
8403
2980
7668
7565
6250
681
5017
7793
8018
2051
6821
4242
624
8709
5179
1030
7299
1664
1341
1367
5788
6130
2575
1721
6384
9421
7499
5404
2667
3226
9511
3667
6791
2701
1460
1702
4318
6283
4600
9062
3837
4537
6303
6191
2537
6694
6077
8722
5734
6572
1447
7556
1334
7779
8578
7281
9743
807
8492
1589
7264
4843
2330
3308
7316
749
8833
5400
3864
1884
2586
8852
3354
6440
8767
3351
3571
920
3163
6058
5703
3170
5298
525
6953
8583
7915
3207
9828
4700
5591
6861
7288
2560
1389
8453
4818
3563
3748
9436
6911
6836
5717
5748
5170
6310
2287
6929
6596
3108
8845
3382
6059
9242
502
7340
719
5286
7475
9795
9480
3542
6902
1260
4204
2948
9016
4774
3240
1967
5763
6087
4812
3580
8258
1758
3596
3245
535
6871
1668
6369
907
6158
8605
349
8571
8263
1725
2632
3360
9693
6179
317
1663
9098
3267
8428
2291
295
9471
7330
7272
4676
8871
9787
5386
2938
4817
9653
13
1855
3709
743
7422
7738
7011
5361
2777
7831
1790
8454
8124
669
4812
1319
3644
8958
5222
6658
1975
8159
6734
3259
730
2185
2487
57
7028
6000
6889
2949
58
2066
356
8734
4604
8289
7893
9232
4760
9316
2055
5814
766
2843
2140
8926
4980
2626
4605
9453
8042
6632
6733
514
4192
5408
1780
5919
9559
7
8043
2165
70
3655
276
4239
3422
1404
4204
4690
1760
4726
1923
7475
2269
6990
7867
521
638
6156
2511
8325
9686
6328
4742
9328
1316
4335
3896
3060
5805
1912
3920
1341
585
9816
8690
849
1293
259
4608
7774
1082
7572
1816
7586
5603
6239
8032
2337
5652
1573
9988
8947
9777
5752
8975
8780
5821
3231
5304
9632
573
8251
2031
598
6668
6939
3545
9084
4848
3150
4104
7836
2860
7336
414
9997
1879
3302
4387
8381
6189
9637
181
3918
5941
2991
2288
8494
4259
5096
5199
2411
2351
3448
7297
6135
7285
154
2111
3625
7166
9028
636
2004
2831
536
5726
5483
9729
1547
557
3205
5713
5379
6186
5534
5017
9559
4946
1406
4318
6129
6563
3406
1611
9815
4813
3624
5934
4395
4380
4383
3313
895
4022
9023
2332
4125
8480
1749
1465
6694
2038
210
520
2569
426
3020
4756
3782
9085
8229
5446
2339
3404
1552
5273
6480
6012
5890
1709
9494
6905
2662
2032
2405
1484
2644
2762
2094
427
3426
8615
9582
7269
570
5274
3709
6350
2526
7664
1877
4248
8522
995
5703
755
4410
2241
3226
806
7996
9308
7861
30
3926
6818
5103
422
4395
8352
1637
9880
2074
4691
6172
6563
8775
1935
40
126
4367
2692
2412
155
9622
8845
1395
1904
307
7867
2190
2674
8318
6258
2334
4050
8872
2081
117
7341
188
8936
9752
638
8949
6885
7544
4871
9857
832
1538
17
1316
5240
1843
5632
2176
8013
4399
3930
659
1183
3396
8041
1313
150
2795
1358
6819
6980
3695
6153
944
4409
8337
294
2236
1605
7130
7322
2159
2355
9682
4239
7543
5460
1745
2444
7376
7577
2901
4937
7650
8741
6452
7970
1980
9714
5090
9833
2320
4355
9972
945
8127
3034
4630
7464
1510
7244
3482
3684
7337
5265
7458
337
2447
4416
3280
1466
2494
6682
6587
4055
6553
8006
8853
933
5863
5437
3804
1148
1318
1798
2669
7677
9279
5909
3535
9019
8812
8640
271
8364
359
8387
3816
1343
1285
5156
8262
6512
5347
5609
6651
1433
639
8424
449
7276
4586
4479
2256
2463
9453
7814
8930
9718
2490
1425
4230
5623
3108
7082
1827
410
1202
607
1981
6848
7311
9944
860
502
1526
1932
251
2714
7340
8660
1742
285
4782
8528
808
4729
9293
2889
7179
2308
9159
1878
161
1734
3064
3075
6524
6280
1457
9183
1145
9165
2407
260
4826
6533
8239
1597
6051
2864
8249
1059
53
9584
1930
2104
250
5458
335
6728
4800
6399
8463
8556
5210
1757
5968
6337
3395
2603
7724
1433
6468
2701
6453
8497
7335
2341
2167
5074
4221
5107
7421
9947
590
7742
4823
863
8415
7651
9002
8251
3225
2046
8424
2188
295
4967
4338
8574
6591
2350
2684
5815
2917
9049
2416
7333
7917
301
4373
3973
896
924
304
8870
9216
1967
4492
4989
9103
2564
8646
59
7309
1177
4844
5260
2305
586
4856
2401
2618
4198
9560
2544
8662
4665
1264
7593
2914
2966
929
5501
3715
51
4811
587
3077
1338
6353
5803
2082
5244
2316
9502
5957
1433
6835
8629
9631
4398
1129
5185
3098
8702
7656
5739
605
8724
893
4854
7631
4759
3987
1394
4591
4319
3013
1537
8275
648
830
4687
6927
4532
7219
4846
1497
6790
6820
3215
6635
3212
6462
744
312
1052
1284
4050
9923
1427
5056
1138
5884
7513
3476
7291
5868
8281
3910
146
4963
1024
1660
3090
880
292
7491
1873
1377
6935
7767
1075
4715
2091
5550
6573
7820
3848
837
7260
3759
3997
1040
4919
449
7700
5404
594
4162
4744
3431
1285
3949
1003
5890
829
3755
5107
9733
49
9860
660
5956
8791
1240
7125
8321
456
8142
4332
18
5217
7995
6986
9221
6652
917
1967
6321
2606
360
3077
9966
4578
8393
9296
1112
550
3033
889
9168
2517
1868
4167
8212
1317
6778
8191
3328
2785
614
9917
5844
7833
2781
8132
7975
3240
2002
6066
3325
9159
8552
3672
3302
7793
6574
9256
999
4967
6002
7807
3484
2708
7439
1062
4670
6435
1705
3427
4353
9776
2459
7125
338
3388
4239
7265
1535
805
3534
5926
2359
9989
4328
5176
148
3450
4662
3339
4230
2390
381
7053
66
6664
8966
6825
8778
1995
2365
1993
6575
253
486
2652
7140
5762
9991
6937
4901
9146
6002
7651
4375
9361
2017
7261
6914
517
5639
2480
8333
9501
8164
842
7689
6248
1193
7113
4528
4212
1069
9609
7631
560
2159
602
4898
3364
3630
9029
8927
5583
3941
912
3638
7137
218
3392
9703
2714
5914
3951
1381
7507
2845
2415
4825
5932
2288
2221
6457
9365
7170
1945
3787
721
4526
9718
8341
5736
8555
909
6935
1116
2545
6630
7723
8782
733
5289
6011
1906
8710
2433
1988
3216
6657
3267
9642
476
1698
2623
7949
9336
452
6772
9306
8281
8059
616
2740
2487
3064
968
6404
425
4892
9292
287
9825
2401
2927
3031
1939
677
14
2085
4572
7800
1455
4469
8320
600
2356
7394
8836
507
7344
4308
6158
7278
4089
3911
8826
8027
8622
7279
8478
3647
3563
9992
4160
4493
5611
4882
1414
5277
6190
4141
4047
5978
523
5793
4352
5915
6710
6498
2641
7359
5174
9682
7561
7358
8337
6519
23
7517
4313
894
2851
6594
4283
1584
5748
3322
8132
8149
9844
3864
5095
9478
9713
5166
7806
5335
5444
6288
4541
3044
6663
8071
8333
9403
3843
5828
663
235
9720
4342
5038
8283
6945
6637
5395
3119
1382
3936
771
5270
5955
2908
5508
8887
5242
5309
1664
6205
4917
4418
417
5361
1342
5676
381
2679
1106
8104
4084
8043
8851
5582
520
7406
6766
4568
1019
3195
3453
118
8672
6687
461
1233
843
313
7138
2320
8714
1214
5305
888
5240
9551
5486
1942
4208
5647
4672
1954
7951
6240
6722
7052
4269
5918
8611
762
9917
958
7184
1622
4162
4231
3288
8321
7460
1170
4737
6380
2132
7327
8361
8633
5629
569
3504
141
5420
8602
3540
7497
4561
7201
5468
537
3589
2867
9689
3485
5486
1631
7865
2470
8898
9431
8046
467
8057
7724
207
9180
7813
1210
2286
1246
4534
3908
7098
5049
3417
1536
1461
2742
8081
1078
56
9326
1273
2533
9190
6119
8537
8215
1919
8191
23
7974
7558
4622
8271
6783
8549
8375
982
3686
1726
4671
620
2842
6341
7410
1392
1370
3101
3586
88
8568
5520
977
6673
5053
2756
4401
52
9789
7530
281
4010
8012
3864
91
8385
8466
361
356
2351
811
8851
1668
1654
6722
4138
9471
5257
1951
5107
2739
6798
6446
5259
3482
7396
1330
8009
1954
7351
3209
9554
6204
7282
9090
3756
8530
3316
6205
1844
5788
3655
7266
1204
3957
44
8212
687
2217
251
1287
6111
801
4602
2032
2737
1875
2075
892
9023
1988
699
6948
7375
463
2824
447
2169
9483
2627
8440
6495
1303
3190
7425
9384
4537
3912
7753
94
904
9870
9850
8425
6262
8996
5958
9786
9922
365
7427
6317
5597
5000
8948
8745
6300
7411
1019
6025
7613
6052
5228
3408
2269
1973
2595
9369
7065
4944
1864
3757
1220
8636
2273
3577
9960
8422
9401
2766
129
179
2624
9626
1766
2565
6004
8712
2921
3308
1134
4228
2705
5199
4399
49
1094
348
6541
1886
3085
7772
7609
5910
5892
9322
115
5079
5089
3189
6848
1941
966
8756
6795
672
9063
4810
8217
692
1039
6571
3585
2128
1360
1853
4332
8409
617
1378
8889
6879
3725
1669
2597
3615
6386
1267
4633
7355
5495
1020
3332
2104
713
3289
9946
2086
1176
8865
6237
933
102
4279
8091
4294
6367
4134
9480
1615
5183
4688
30
740
5233
6082
514
2306
132
6525
8473
2349
1843
1505
7195
9181
2548
298
9015
6788
9680
959
4023
1283
1061
4537
5765
8974
105
1409
2077
5629
6176
8157
3445
6309
8976
6797
8363
7478
1603
9248
9518
149
8220
7180
2863
3629
2222
1790
7865
3074
8505
4735
3311
8119
3606
3704
2949
6400
7301
3847
7666
938
8180
3458
3381
8410
4211
2539
5381
7459
8471
3541
7037
3900
5532
9686
9768
9809
1454
6334
57
9528
6697
1239
1918
4487
6159
1933
7381
8789
7802
95
640
4702
4515
518
2710
1083
2547
6678
5194
6177
9911
68
0
9352
2569
3607
652
6607
7933
5217
3309
110
8425
6159
971
5197
8649
399
6493
9267
2113
5138
7630
8609
2772
290
4000
2048
7941
9990
3665
7624
3837
3284
4302
9779
3244
2630
9877
8513
3619
1824
2271
1837
2977
2592
2142
3423
2508
8535
1875
5716
322
4136
4116
9947
6513
4750
6748
1009
2244
2355
8275
4160
9663
366
9999
7667
6589
3388
1275
8381
6439
9490
4055
7099
1992
8274
7648
7943
9599
9565
7585
2462
4869
6888
3354
1604
800
9665
7377
4119
2423
2131
1511
5441
2774
2281
9612
6418
6756
8848
7524
9133
8595
8112
4395
3041
2232
2812
3016
7596
4364
4968
1839
283
8850
3370
4681
3764
9434
9060
2007
9512
7797
1249
1941
2259
8362
9326
7052
6950
248
7691
1850
984
5485
1378
1494
8792
8343
1527
7086
4053
1673
2784
9779
1938
4944
2663
744
7748
4951
7982
5383
1773
39
1811
3141
2703
6515
1748
8695
1097
5923
468
3556
822
9550
2927
3245
4390
7326
8842
2011
4588
671
3774
3479
3866
6489
6791
6432
2170
6926
2504
3016
1935
4245
3330
3072
7691
9896
3588
7845
2674
6059
2372
6955
7294
9198
1263
8938
4629
1301
6590
4949
2072
6470
5258
1938
4493
3635
6881
3783
4015
2600
2489
6274
245
9559
2725
4701
9280
1602
2678
9199
7481
2521
3235
5206
186
8805
7611
7555
5211
4740
8474
7447
3905
8454
2811
3853
4226
9959
4238
4311
3100
6254
522
1758
6166
8549
1556
8772
1287
1770
7873
9917
2230
6757
5832
9245
3809
9787
4219
5011
9362
2770
3911
518
4159
9206
5802
4847
1617
3084
4806
8376
6535
3670
1283
1923
1148
3366
489
7646
1430
3734
6285
1317
5617
870
2044
3320
6379
9527
7126
6911
1217
105
8653
9564
8666
1120
4623
4704
2738
9596
1935
4112
2570
3832
4939
2761
7550
4051
5898
1458
7495
5102
6052
7185
5554
4854
3926
4992
3408
1378
629
3025
6896
3807
8627
9456
4394
4250
5153
136
109
4589
3620
1273
6748
2766
7147
585
2483
228
6031
888
97
2220
6331
2696
9169
8283
5407
5132
3241
8500
2816
48
1734
4365
4402
3915
5607
5693
9832
320
2698
2120
5259
6315
5748
6927
5658
2474
6741
4945
3777
9929
9915
166
2845
2722
38
318
7822
2389
2588
4485
30
4373
4749
9082
6721
2739
2169
4049
9358
8591
5921
293
1357
2844
780
2578
945
6900
5867
5298
2199
5884
5999
5525
1264
6296
8185
9079
2684
1490
5458
4429
2407
6551
2476
384
5433
3506
2313
1117
5448
2446
2715
7868
4897
9478
1419
9184
7271
3727
6317
9038
6235
6601
228
849
2124
4913
8386
3966
608
7707
4227
7699
8340
6830
2363
4117
561
1568
1565
2971
3616
9076
1390
5957
2432
8144
73
7713
7157
3588
9299
1806
5458
6008
4546
194
378
6998
6330
5034
5156
9624
1336
6865
4477
2386
8306
178
6770
3891
1055
4417
7630
5369
547
3559
6225
8547
1982
7868
2450
202
9702
6059
2390
5810
9265
9120
8610
9597
2455
4692
8989
6370
7591
8765
9561
7324
1722
6351
8900
2453
7509
6232
2282
2373
9699
9259
7645
2006
7986
859
2183
5290
4396
4906
5887
1022
4761
1922
6587
7760
3651
6004
4949
384
1098
8976
9521
2675
2169
1076
8126
2542
2185
6232
3387
833
340
9529
5467
4849
8989
3860
252
1962
9470
3814
517
2741
7010
4402
3406
7927
3252
8850
516
7418
2791
9041
9613
3632
6728
6841
1336
5524
3009
8201
7785
2884
416
5961
5876
6716
1495
1088
504
260
1924
3366
9950
4302
2052
5558
9186
6232
3812
998
7809
3769
7512
7546
3347
7849
6159
9557
4524
545
2439
1890
3341
3126
9853
5267
2464
3328
2072
2727
8884
2688
6279
9265
5269
657
1527
8663
9536
205
7097
8104
9125
6275
1860
9041
5262
9912
439
4722
6623
61
1298
1324
1711
5855
2261
3742
694
5412
1192
2161
8519
372
733
9568
7728
7302
9907
1260
1087
2606
4093
2639
8632
5091
803
1279
3684
3029
8758
8486
5676
2606
4937
9263
38
3992
463
8339
3439
2544
5552
9814
4634
2442
2704
219
7688
278
7265
8559
2568
353
2231
500
7905
9214
2140
4588
5198
1174
3990
3818
7129
4494
2614
7203
2027
5689
2035
5594
3746
4845
1286
4845
708
6650
6054
2282
5684
8936
6503
8342
7123
4528
927
7167
3160
7118
9273
9728
4643
4181
6526
4341
6606
2580
3648
8144
4101
3256
2696
5467
3768
210
1827
7919
5710
7674
2169
6405
6892
404
7823
1594
9991
8674
3277
6008
790
1658
5665
8963
3420
7114
4901
6033
8836
2569
191
3822
4781
3167
8456
1966
5832
5384
672
2900
7936
5428
5040
3891
3898
659
5327
8035
4668
7728
4361
9975
9059
7931
7612
6060
1184
3659
7941
9988
1491
5172
4459
7476
2538
1589
698
6987
6907
7653
6915
692
1169
8448
4482
5629
3924
3452
7649
8889
5676
9089
2939
9907
870
2648
2546
756
8616
2738
9845
9655
6882
9949
7036
5547
7941
7155
8326
3081
1369
9315
8022
2630
217
7732
2921
3163
1602
8615
1787
4116
8557
1549
5291
1765
6536
4761
9660
9827
4651
4662
2333
9138
6425
1468
1339
1515
1510
7119
9460
2385
5465
7049
5984
2628
3682
1210
5836
4853
3437
989
7575
7947
7111
9132
5841
9397
9312
4838
9280
481
2018
2208
3572
2125
4482
3146
846
2060
3092
8436
365
2155
5619
7008
6697
2260
1185
8201
4083
2483
6108
7029
7676
5047
8931
4487
6533
3467
6023
1224
4567
4198
5
9543
8180
7423
50
6174
7406
3669
8024
7751
359
1999
2897
9727
584
143
7841
490
3270
1884
937
8199
4818
2656
2632
5493
7455
2527
6437
38
1513
6729
5083
3299
2757
1730
4004
7824
2931
496
2665
8642
6907
9412
5768
7982
3671
3629
5320
9555
989
7849
3881
2043
97
2910
7855
1422
8984
5784
497
9016
6175
1492
8588
4268
7581
1324
2926
3145
2166
6499
2704
1612
6690
7012
7347
630
349
3270
3550
8271
5744
6451
8310
3882
7440
7753
2496
8475
9638
9264
1715
903
5743
7245
1810
2939
2149
374
6968
496
2685
6071
1012
8557
8370
2533
2616
2605
2306
9425
6252
6435
791
4415
5000
5115
841
7864
8242
2547
2691
4109
2085
4522
1939
7645
5363
3959
709
936
1995
4317
434
644
5326
6606
7061
6064
9503
3854
6830
2888
5402
9081
299
6360
9367
455
2660
2660
7806
9230
629
2120
2700
9241
2081
3387
8119
8905
1189
1881
207
6825
4187
386
3334
9814
7089
45
5041
398
6809
1489
3999
9864
8722
949
8697
5157
2551
4757
2155
5509
4086
4680
2067
4973
4627
6673
7207
9047
5198
2739
2283
3547
7250
8664
9283
861
9232
339
1974
1575
5196
6261
6068
2136
3125
5805
3225
2253
8539
6579
3282
831
6748
1063
6095
4941
2560
5669
778
2587
1862
5388
5240
3323
9598
8655
8445
7660
9016
6860
6613
4496
7773
5275
6656
6178
6397
2601
5053
6391
1480
6518
9738
6036
449
2891
2571
8449
7232
7280
3545
4653
3991
6829
6269
5538
199
1200
4350
5050
115
174
982
2353
1461
9805
4604
1965
4032
8129
926
1692
5063
8933
5564
4429
1772
4141
9453
9810
58
2682
5708
7299
3607
1950
1667
5655
7461
2480
1547
2031
3720
8738
1747
1651
4941
2625
4239
6401
1816
9837
7763
9427
5806
2458
3056
3473
8213
2213
9341
2182
5288
9019
1258
6743
9184
5223
6209
4146
8783
810
1151
1763
4703
5056
1906
6669
8027
8016
6450
551
6444
7525
4356
340
3062
4459
6605
328
2020
8555
9476
6504
5537
2171
9676
1665
1176
9007
8240
331
5471
7077
4224
2639
7152
592
2939
4999
6136
8994
381
5174
6595
3344
6907
4024
9016
1041
7788
9082
1888
5271
7274
9789
6253
2289
2537
7671
6489
5248
1816
1307
3357
8136
6694
7210
4371
5321
8199
314
9213
7311
3431
5190
167
4567
1789
614
4218
7044
276
5216
8499
2352
9254
4063
180
8262
8602
8995
1242
2080
7328
249
9407
6812
4442
2189
1648
949
2909
4061
8337
6223
9560
5216
1503
6354
1717
790
6518
1579
462
9441
677
3839
2113
5733
8431
2178
8726
636
5235
6152
8113
878
654
201
7140
1215
2415
7690
2471
1000
4651
4953
8218
9562
1395
6217
7881
1313
2131
4192
1297
6630
7532
7197
9955
679
4948
5933
9254
683
8556
5839
2146
4688
6962
6903
8251
392
7624
1953
4154
9204
4901
6999
5410
1167
5387
4020
2273
6718
7337
4233
6758
5814
1857
5007
8754
862
6508
1855
7554
7991
3901
799
2044
4794
3795
8718
9495
9984
7443
2497
8176
56
5894
4591
2635
3732
9935
282
8134
389
1247
7023
6308
8489
124
9440
1897
9857
5487
9311
4785
7272
7022
1342
598
9313
6682
8949
3618
4416
185
4900
3857
9948
38
5929
5179
4051
6247
5108
5040
7950
1343
6618
3204
311
9094
551
2942
7945
1558
870
364
5702
4583
134
6937
9679
9517
5173
7153
575
7216
3696
692
9656
2573
3487
9354
4147
9211
3723
9974
3874
5168
5809
7262
1097
8133
747
4554
7020
8295
605
7498
154
9696
493
3133
635
3494
8166
2127
2277
5281
4703
50
9429
7107
8472
2497
205
5699
9236
97
5944
330
8894
1017
5894
9666
7557
9572
2292
1036
9625
4884
6123
225
2555
1433
237
8171
5744
7122
4731
5877
4391
3475
1130
9008
8059
200
871
9031
7114
1672
9721
5573
1671
8030
1142
7030
9165
2708
3977
6251
9477
7777
7106
4946
4346
421
1550
5942
8923
6210
8376
9714
4353
7150
4400
316
3697
4614
651
1744
7940
1140
6844
6937
3141
1188
210
2776
571
4388
1137
3246
3208
9690
7989
156
1776
8859
2020
9261
222
2792
2276
3954
1300
1899
2190
7599
2802
611
7585
5588
7417
2349
6729
6063
2112
6100
3393
8671
1894
8602
614
8620
8137
5159
7822
5829
7575
144
4106
8954
3667
220
7960
2204
4298
5956
7996
3025
7062
2393
31
8764
3602
1018
7640
189
5056
4933
3451
2933
3912
2286
8095
109
4785
2511
8117
8391
7893
623
8037
3140
2016
1173
3883
56
4761
9422
8626
4363
4132
2414
4351
8689
2439
3043
82
1084
1020
2576
4537
8529
9751
4249
1509
8280
7944
2794
4544
3480
8467
2973
5663
1075
9534
9356
5429
9549
7530
5347
6969
9443
406
5850
1065
1994
2224
6194
8942
9957
3949
6013
3265
6571
2124
9011
399
8231
1142
1922
2473
8722
152
53
6607
9311
916
1192
2143
4709
1493
8651
920
4466
6546
2742
7619
1758
9141
8412
8580
4238
3131
4947
4878
8458
4398
1891
6549
8961
9410
2988
4200
5420
1694
2125
1038
0
6204
9666
8799
471
1730
1662
7223
2929
1953
5849
1159
3047
1725
9516
7741
5265
5518
2875
2613
3736
5063
6689
6127
6766
982
5651
8947
9629
1419
1325
2435
5358
332
1554
6032
9291
4600
5811
7631
9463
9227
1725
7452
7372
8097
3959
7408
7204
5102
4316
8336
6700
9422
9079
7542
6310
1128
3356
7332
8319
5544
9967
358
1505
813
1887
2471
4537
2656
1010
2743
459
8007
2407
3035
2692
2569
1912
7413
1521
1843
4815
6374
8094
8970
6602
5281
9554
1089
7810
5202
441
5405
2232
9375
3553
55
3953
5374
1561
5267
3508
3703
8983
3903
6497
299
6185
6269
7109
8133
815
1668
8171
5216
5111
9252
9749
7145
6824
841
8971
5334
6931
4690
2483
135
518
5810
4833
1692
7699
2454
9729
9432
2626
6793
851
1332
9778
2677
6230
7719
7749
3082
4745
276
6925
6468
878
8709
1281
7400
591
9127
2405
4974
6949
9365
1481
3494
2631
841
8432
9364
7968
7697
4579
9758
8884
687
775
1464
3364
403
5053
9485
7616
6668
9161
9169
6989
1629
6149
5445
216
5981
7927
187
2041
8801
8352
2794
3706
3630
6758
5188
6698
4042
3636
7382
6733
4306
2304
815
1703
6498
3822
1317
1961
6432
3891
3797
5259
873
253
6697
8107
3920
9313
9375
8805
6260
8644
7671
979
562
2126
8077
9030
91
1420
1289
7094
600
7334
7875
4614
8554
5216
522
140
5766
708
9142
4736
1954
8015
4380
3858
6201
8827
3939
161
101
9934
2517
89
6302
3201
3000
2717
2477
6851
766
918
6598
1887
9369
5642
742
8763
5011
9376
568
1810
9117
1875
8159
1157
7686
5317
1935
2413
5935
9206
4764
5396
8764
6005
5208
2325
7277
2919
3911
2753
2142
7413
4566
2900
1612
4666
7771
1287
4202
6846
3662
5223
7218
541
1624
5302
7311
8588
1003
3536
7002
3676
2466
1040
3812
9183
8570
1060
1652
2203
5954
9246
481
5117
927
6525
1571
4511
9363
7980
3477
9053
4798
4345
3133
2005
2262
7833
9919
798
1907
3802
6670
8714
8734
8473
3796
1102
4603
8485
917
5009
2404
9283
2351
8051
9033
899
4101
2641
4085
4098
2492
5222
3426
7330
597
6644
6063
7272
3677
8403
7313
9572
4049
1337
2408
2134
1894
9803
1220
1823
6055
3186
3144
1414
7520
8498
1933
604
8107
8391
1049
498
9641
3905
386
8777
1236
5009
6798
2202
3794
7812
7885
3655
8908
1504
105
3761
1712
6045
492
284
2100
8758
1363
7024
2796
5295
6834
6674
5917
6809
2680
8098
9283
9141
6212
2502
4560
5061
4312
6807
3142
9225
2909
841
599
8280
56
6225
8363
9917
8651
2291
4738
84
8031
330
954
5541
7872
9355
2211
6513
4713
3419
2817
3226
1138
8768
9666
2168
8999
8102
1633
9401
4139
9604
9130
8136
2733
2462
3998
4226
7162
2716
4778
4005
5731
8378
6275
7354
1648
881
4021
1828
7892
1350
4844
553
2323
2593
6306
8033
1794
401
7914
589
1951
7631
4092
7721
7456
1008
1203
8341
6112
8415
2611
3696
6519
6586
9007
9878
617
7163
6266
6189
1810
1305
1468
2698
1088
7136
3815
73
9714
4687
6603
8828
7487
1825
2967
2787
1322
3231
9600
2653
821
2692
2055
2510
6836
4896
902
3282
771
3328
8987
5969
9370
3838
297
3332
8448
309
6651
343
7550
3705
9354
5647
4981
1076
5585
2029
7506
7795
2015
3043
769
2531
8204
8439
5361
4390
7984
8758
1190
6490
1808
6651
1252
6796
4906
1616
2347
2008
7156
5540
6174
5797
1024
1901
3896
7951
4131
6016
6961
7268
8309
1951
6829
2436
5115
1346
2390
8978
9476
8521
651
208
5009
3889
1449
3626
3145
7733
2121
5810
27
1463
4234
444
7973
1167
625
1466
4212
2723
9486
8747
8781
2840
7872
7823
3660
9576
7691
9870
8875
3044
5930
4490
1222
5211
4496
6146
8828
2892
5107
8969
5080
2393
9227
8886
8064
6349
8487
8157
8254
1999
7121
462
766
4663
8627
6092
2599
2272
8185
9409
2877
9358
4121
1328
2662
1090
3777
699
4508
2093
7264
9030
4483
1713
3656
3500
5131
5838
2194
2704
3799
6635
3522
5174
7567
2931
9052
3859
276
1523
264
7235
7986
2752
5858
9162
7738
1102
7685
1997
9777
5823
7016
8913
1059
4680
6105
9492
7276
6283
1690
4539
6281
1296
122
6780
6762
1413
6037
4189
5690
9592
1934
1356
1138
6770
4860
112
1675
4998
7922
352
7426
3898
4180
1827
9985
2262
5703
2135
5804
891
1080
2310
6250
2518
1664
9238
9125
7668
7862
9360
7426
7848
8981
7076
772
8747
2847
6586
2046
4403
5043
3372
8985
6087
3803
1890
3253
4530
7657
2302
1827
3895
1395
5578
3842
5316
3436
9342
9704
1977
2501
8102
4724
5066
7732
835
2370
4275
164
9137
4318
1116
1837
9801
7484
4254
9557
5208
9047
6197
2183
9232
4121
7782
596
1421
9851
5506
6807
9482
2285
6716
396
1125
9176
7431
7828
6369
4610
8275
5154
299
4610
8810
9946
5679
228
2982
4811
1563
5135
4918
1114
3924
1269
3297
801
600
7419
4618
920
4884
2155
6980
3379
8359
1958
8535
4987
3014
2141
2851
9250
1825
3089
1333
1553
2646
7721
648
8164
5493
1637
222
8521
1284
7825
511
6596
3092
2044
8817
5463
3603
7801
4425
2976
643
2133
1073
2707
5706
9418
2202
4650
1916
3348
7172
9386
2407
4739
9420
1304
7981
9328
3508
7324
3511
4307
2217
9493
8087
7108
8914
1740
9295
4752
6196
2109
3568
2190
6222
5028
9446
1331
8785
9412
5218
8563
9455
2254
568
9257
6953
6688
3691
8569
1889
988
1173
5508
2231
5162
8459
1116
7586
3296
143
1736
5997
1697
1944
3129
5957
7604
4832
7038
3312
9592
3901
4262
5952
6740
1730
9061
7463
2627
4806
4840
8813
3519
2133
7724
6464
6205
4598
2155
460
2523
3773
7289
3019
1285
4258
2142
735
8333
2530
4437
286
7100
8276
2165
1836
5508
7166
9597
7887
2665
1656
1509
7903
2240
5393
7682
5245
7685
7810
8971
7798
9587
4032
4842
247
112
982
8773
7347
8423
1570
2926
9699
1850
3406
2503
2462
8999
2674
8890
7257
7274
9320
1528
7424
548
7248
4688
3765
3291
1382
2658
8968
7970
1440
3172
4457
1578
1804
7686
5530
7928
8282
641
872
2377
805
4469
5051
3732
6888
2627
7324
5551
2094
1272
5815
6853
9595
5708
2705
1942
2281
9433
9052
4463
3814
8720
7912
7083
2860
3128
9660
4682
128
1688
1381
6914
5664
4071
8702
9539
2342
3538
865
4591
722
1166
3389
8410
7160
4751
1001
3950
4997
5096
2231
9170
4568
2196
3900
1116
6734
4
8752
4293
4638
1673
4289
6156
3463
5205
5453
1261
3334
3085
7215
115
9628
2290
5097
7483
272
4561
1380
2092
2161
1639
2867
9972
4415
5816
2271
628
7994
5570
3694
3983
9403
3246
9221
2191
5058
1351
1984
2585
2527
1470
3967
3074
757
844
6068
2417
6555
6617
7594
535
3925
2333
7192
828
7971
7766
1126
7804
425
2202
1088
8754
7615
9485
4056
4035
8825
2180
4080
4975
8185
7627
4201
3044
2499
5380
6070
403
7538
1137
4420
5911
1353
6644
8846
6243
7149
500
4059
683
1489
7395
1099
1381
833
2207
467
3169
6820
5877
6005
1512
8636
9228
3092
4833
1391
2337
6742
5338
9275
7071
7658
9012
7493
850
1644
4031
3923
9676
3990
7001
635
999
5146
721
2379
3035
5614
9696
315
9587
5590
1979
5040
987
5768
1874
7026
7741
9900
1036
655
4876
1363
327
7377
1888
5738
2554
1406
7988
2095
6958
3760
748
5443
1709
5012
6795
5984
1721
2566
7267
6380
3312
4157
5279
3918
5598
7138
5502
2001
8019
4471
9280
6152
1735
4182
3510
6993
6252
2775
1333
7805
2147
1510
6731
7150
7057
484
4277
3553
3203
509
768
8254
4687
8347
4287
254
3293
4217
4653
9677
8423
5274
5443
8128
348
1370
2891
3145
4571
1269
9878
1576
6623
9911
6924
5604
21
8916
546
8554
3334
3065
4289
4037
1361
7266
8932
5743
248
4429
6577
5895
2158
5983
5564
7188
7439
6086
4025
9337
5809
1263
2529
425
8602
8041
6118
2477
7170
8794
4938
7779
8234
2832
9917
3961
1901
8938
566
5146
7606
5928
3316
9336
5218
5120
5045
1484
5671
9155
4326
2586
8805
1663
4156
6856
460
3126
5299
2384
3919
5903
7221
6275
5416
7163
2093
4593
2651
1451
3116
1479
1743
545
956
552
4138
1268
9092
2959
173
3383
8027
83
2944
9740
3904
1628
4270
7141
2265
1813
7925
1627
1434
115
4855
7091
7609
981
6036
1262
944
1549
3196
4863
1778
1966
5999
3075
578
4581
8535
6332
7248
893
921
8366
9653
7598
4568
2974
7169
198
2922
2951
3123
9163
687
5631
3913
1743
7791
4889
9912
3188
4963
1916
7646
8946
8424
3093
9415
7576
4207
3704
9229
7023
5976
7709
8019
7573
7280
3800
6355
3304
8728
4153
1030
6001
9513
9478
805
3972
1429
8918
157
2485
5903
8415
8
8733
7885
1169
1482
6957
5868
5957
3561
9586
7430
6305
7121
8154
5264
8173
7447
7078
167
7883
3708
5312
6556
7314
7668
8335
6540
1067
5015
3784
5637
5824
3736
8743
8630
4450
9701
8767
6359
9994
494
7102
2377
5522
8281
9732
8303
2164
1492
7638
3677
9619
141
7262
9504
4266
7311
1205
3262
6354
2094
756
9647
9287
3285
2727
5452
3981
7422
4531
5447
1935
7090
8266
1228
9560
2625
3724
8646
5525
1892
208
5172
443
816
7508
5741
213
9358
8065
2274
8161
7738
2562
5876
5932
8233
2918
9222
875
2270
2340
2596
1579
8302
879
468
2683
4482
7034
2699
9993
7165
189
4948
5961
3263
3801
4044
3181
4089
4569
7569
4402
4258
9385
9197
9335
6042
651
1357
6308
3373
1304
4199
9016
6969
5684
1595
7523
6916
3125
8265
982
5416
4853
1075
8455
2672
6614
2884
8713
1368
1013
6450
9660
1007
5202
1408
2289
6528
1903
1047
9824
3058
8791
8039
9709
5517
2530
7720
9545
7262
3718
1141
1429
941
4415
6635
1964
4044
210
430
3265
1714
2334
9533
279
3305
9477
1239
6800
1861
58
1871
8264
7927
5963
7132
3874
4256
1440
4195
4275
8826
4324
2985
9646
9315
8196
1859
1664
8347
9878
9009
8045
2464
3644
5211
970
2440
8233
7114
1325
2096
5907
4106
9602
6082
9465
5886
943
5852
9847
5221
2842
9182
5944
6220
1466
9539
2923
3684
27
2517
9161
5109
7942
4379
1926
723
2047
1204
5750
8848
3537
2408
4882
2418
9111
1596
2507
8406
4029
3623
7055
2773
9207
6339
6137
6358
9167
198
5501
661
661
529
8164
450
9826
7800
1573
8317
1117
9428
7334
8721
322
326
9825
9246
4896
45
9321
5723
994
4937
9775
7675
2928
881
720
4144
4247
3298
4706
1886
1702
2328
2479
8145
9786
5426
8848
3553
6925
4609
2078
405
5018
1266
8213
4806
6196
8509
9627
8565
6151
3356
9359
5760
6399
1055
6533
4481
7416
4896
3953
9767
9654
3827
8721
8233
4822
608
2960
840
2741
4051
4569
5572
2943
228
4937
930
9546
4499
6936
9053
4724
9254
104
8939
2075
2151
1439
4737
300
1703
6834
1721
6621
744
67
450
9455
9049
4989
2361
2974
1026
3180
1751
3099
99
6755
1691
4316
873
1320
1770
2226
897
9874
9668
8011
8191
4326
905
4809
2785
1582
9547
2004
3695
7948
4229
1883
8806
3422
8077
4864
4774
82
8934
9237
8889
603
9
5473
2613
2804
2692
7847
8899
5013
3716
7865
1936
5108
4208
1001
2324
1069
1749
6337
8642
9285
393
2292
5823
1387
6794
179
8807
2929
1271
6020
6956
5290
2114
817
48
3508
3028
1693
1765
967
7393
2588
2114
4718
30
3683
2393
2806
6752
4685
1975
325
6694
1776
8396
9422
7866
7360
8140
5937
5380
98
5317
2567
9248
980
6705
8271
5377
6923
350
7827
3094
7036
1725
5119
5147
1343
4648
4482
9683
3249
8823
37
3349
8953
9941
2700
8421
9373
990
8811
2036
2870
1803
6060
8730
4962
9314
5726
2035
2072
632
5855
8216
7825
2504
9293
4336
9989
8633
5657
4518
8291
1354
9485
7501
3350
1761
1040
7201
2020
2613
5047
8944
1112
4904
1262
1193
6291
7177
5528
6691
430
3705
9955
1777
2707
461
8480
996
1005
6243
6066
1314
8909
2168
6916
7686
2014
4745
1663
2424
2235
8697
9164
7967
1888
2691
3847
580
9631
7264
1126
1032
4500
8554
9673
5032
2266
9266
481
992
527
7263
7317
2366
9797
3673
9907
4905
7371
7669
1972
9458
1484
4737
6707
3433
3174
1123
6895
1379
9710
3581
1455
5370
3234
979
1958
854
4382
2400
1352
1579
9443
6598
5659
1586
5717
8708
9825
4317
2132
1661
8469
373
2366
9431
4243
6598
4930
1281
5358
5854
4088
1640
6476
9714
2031
204
8404
7121
8071
2079
5404
5245
6785
5966
284
3431
7028
7154
7991
778
2689
8505
5066
1627
4777
209
6597
2879
3565
9365
4363
5118
3157
4619
5477
998
5509
2268
8011
7795
2414
9254
741
5870
6337
3279
2255
7364
2458
2091
588
3304
4650
4032
5852
1915
4212
4312
2385
4619
7469
3926
910
826
8446
1037
465
3089
267
1101
4419
7380
6553
8079
3725
4263
5564
3267
7277
1697
2494
8103
985
608
71
267
6787
4318
1769
3876
4014
6627
8715
5870
2176
2410
473
9845
4473
9544
2122
1285
8675
3690
770
2512
7273
927
6680
5776
5693
8055
1530
6814
1877
1097
224
8819
1238
1387
1375
844
6612
2333
1360
9523
9977
8151
9200
8732
4324
8085
7800
1453
3699
5087
2639
9714
9796
3294
2815
8543
792
5836
1253
7512
9753
1804
8365
877
7214
7290
4254
5898
1869
403
8674
3262
5232
1336
6345
9658
635
3359
6014
893
8124
3243
5338
8349
3492
2957
4615
4424
2197
7755
4487
9292
1053
4991
1431
3828
130
3971
5534
5684
2494
893
7611
1655
4574
6869
1998
551
9509
9710
228
4012
1382
3140
4873
8584
8817
6739
874
5859
5245
9833
5817
1683
1544
7085
5572
6335
2811
3919
4871
1123
9458
6321
4337
550
9274
4663
1845
3610
8075
8411
2051
340
4152
7540
86
9325
7252
7320
5134
3176
4376
8640
3729
6789
5251
4203
8925
3253
9953
5701
290
3567
287
601
2542
1986
6941
5173
6104
9772
20
4893
609
8987
3451
8051
8184
2674
6837
2613
157
4590
1437
6823
4008
1610
7221
3859
6075
9023
3659
8430
9877
9712
2461
108
8520
7589
3662
7703
6126
406
1753
4284
3176
6954
6470
4055
902
3312
1099
1921
5150
5135
8453
4806
8038
2953
6295
6028
8052
3205
3441
1760
89
8381
8325
8147
1625
1333
4630
9334
8863
2222
1778
1409
78
1897
2274
8250
1114
3583
4591
2548
8536
3265
6551
6326
36
3596
9568
4846
5106
7711
6221
1429
4679
3744
174
9413
4888
619
2445
456
5795
9596
5782
9715
4253
2752
102
1107
1755
2871
5656
4887
2421
7021
4268
8430
2584
5049
2393
4146
9468
2341
788
3717
5765
7631
9634
1066
2253
9663
4346
2008
2306
1178
1550
650
6155
7414
3835
7483
8593
9296
895
7328
3660
9562
3083
8710
28
3097
6682
4686
7049
4782
577
5446
5533
8915
8278
4427
720
5032
4981
3771
5540
1582
2353
7055
5458
7829
1993
8937
5764
4177
700
6890
5557
9170
813
839
3382
9492
2602
4157
5747
6771
1961
6754
4533
2435
9780
3278
9897
9488
3640
7771
3777
2465
2488
5929
8281
3827
503
1413
1932
5875
3718
8586
632
9243
986
3496
960
4721
8577
1636
9905
6236
3191
1089
7847
4537
3300
2798
9680
9837
9785
2111
897
8684
2811
9504
4424
5897
2702
3095
9666
1486
9621
522
7853
8302
697
6977
8369
3546
6825
4205
315
689
9921
9673
4458
3067
9022
5088
3645
776
1984
3743
8076
9364
6897
8637
8439
1342
1029
6552
3292
4074
9106
4337
5405
7219
2755
3819
7888
3925
3351
335
2521
9994
6911
2580
645
9075
920
7486
1816
2121
8982
1860
2090
6836
4882
9414
1326
2588
869
3823
3811
974
6661
1991
7918
4754
7375
8173
3559
8091
2422
9891
2979
1902
4634
7657
2754
647
8461
3183
1738
8808
4162
4501
2548
7698
5159
6550
3301
2713
5013
8564
3983
5492
5029
8981
4777
2019
1109
6431
557
7012
3788
736
2897
9286
5434
6065
1032
9071
7667
603
3561
892
1085
7483
4656
56
9912
2754
1028
1615
5358
2208
7705
2434
7979
1122
6278
2477
687
9369
4122
3159
9297
4894
7163
139
3526
9507
3023
2677
5587
2331
3262
3550
2415
9932
6456
748
9580
6596
387
2612
1208
6730
8935
2577
3070
7767
7470
3017
5779
7236
2326
4974
750
3013
5417
2034
8839
5767
6335
223
1988
646
2194
1542
8223
7058
8818
9815
5628
1875
9242
8608
2042
186
4467
6505
3351
4122
7079
7343
2393
9127
8841
2399
9275
6510
5443
438
7636
405
6944
279
1502
1988
9227
3052
8758
1845
2680
7104
543
3783
6369
4861
1980
1177
3924
2466
5662
7861
3051
7047
9482
219
171
6883
1487
2656
5314
1470
3590
5062
890
4611
3179
9726
4147
312
8907
3355
112
2897
606
2745
5297
4513
7015
1614
8065
5747
634
815
2545
3305
2334
7927
116
3074
7795
1187
1244
2529
3317
9153
5349
6492
929
6923
8721
1746
5431
5662
484
1744
7585
5040
6000
8598
3315
3953
9412
7605
7156
7281
4704
716
4716
8515
9149
5428
6862
1536
6970
2744
2536
943
2026
5161
4152
803
3932
9825
5265
1685
5995
2470
9807
4948
7672
7730
1687
3963
1620
3568
5139
178
2354
697
6733
1559
9500
1601
1145
1758
7141
6987
7143
3702
5455
9668
505
3823
9982
7678
9986
7657
9981
1563
3856
8142
3183
7646
348
7955
8409
2364
2752
4890
7534
5320
8664
1644
1770
7984
6891
5141
5620
1858
2139
6784
4077
3955
1436
1526
750
3553
5810
4817
7538
8087
110
9989
2927
1969
9386
5553
1867
6993
1954
6498
1500
6241
5430
4969
9392
2474
301
1902
1022
8005
5468
85
861
7311
2184
224
2100
8050
6360
3253
7666
1538
1662
7249
975
3909
6296
9693
8610
9191
1266
1473
1956
5772
9358
2742
8628
4471
2439
880
5645
6731
9713
6811
1605
6688
6245
7621
9112
9657
2669
829
6661
8451
939
1915
2310
7328
8750
3856
9158
2197
6391
1519
1358
3041
4649
2252
8576
9343
1552
8915
1000
6157
2099
3484
479
3310
2605
5582
3314
3677
7640
1490
9187
5795
1387
138
4974
5675
6293
2065
1327
2452
7898
1428
3074
7831
1215
8562
1162
6730
752
1472
5046
595
1722
7168
4482
2673
2341
8434
5450
1607
4354
6955
7204
7578
9174
2230
5150
286
3109
7193
5765
6204
6307
2297
2456
2279
9767
5584
9452
2239
337
9246
4961
8405
6157
8237
677
7936
6488
4666
5480
8991
7762
5025
1040
6544
9797
968
1006
385
3557
7118
8720
133
4233
2773
4072
6409
2265
2239
8269
2983
2696
1557
2672
8603
3780
4845
1730
4836
2636
2460
2580
2029
2993
4042
1087
4173
7007
518
7158
9244
6638
5802
9272
5191
4245
5041
6170
2597
4238
6293
3573
4810
8480
2957
8251
2556
8680
1223
5904
9541
2169
4163
6839
2041
7047
2897
6106
680
5582
7514
206
3558
5992
7749
9334
1065
5470
7139
4519
2802
6926
3293
1388
5072
1055
2159
6522
9521
6817
7684
8759
5259
1960
1812
8631
9930
7099
9323
2151
5019
8551
2748
430
2376
9898
8006
6416
6180
8061
2341
3029
2410
673
2092
3337
4321
5885
9266
1526
5571
1558
9547
6991
8398
2673
1609
6477
7258
2197
3298
880
412
5509
6707
94
2634
6812
7701
864
464
3193
2543
365
6387
5997
2092
1110
2916
3923
9615
981
2967
912
8212
1824
9637
3227
2217
3650
7935
8798
3645
9547
6052
8765
1271
7910
8084
7063
1274
316
2581
299
7639
1640
7590
8061
8772
7531
4419
9913
2700
7360
792
3062
5623
8386
8393
6335
924
2636
8226
766
2500
8242
2634
2730
3552
4575
3134
8387
5406
9086
2699
2603
3383
1180
8459
3895
8157
9950
3892
1318
2179
4047
477
8065
4269
3565
50
2964
5787
6837
2282
6604
7007
9883
9592
8994
2055
4463
7311
5927
3927
476
6953
1584
759
2531
2089
707
6813
1320
5136
7698
9708
9179
6877
617
5485
921
1496
643
5181
4404
6609
9457
3159
7456
2324
4013
4979
3935
2496
9468
144
1696
2985
5282
7677
5684
1162
5883
1854
193
686
4103
7261
4570
4433
2821
8384
5774
6659
9619
1018
2704
2829
2645
7492
5080
3271
6964
7452
3032
8457
3433
3438
7249
9937
1690
3443
9846
9012
3140
2008
721
4584
6603
352
6790
2705
6957
9852
1813
7130
6701
8298
2787
3223
8591
7084
1403
841
8047
8763
9312
1778
2423
9275
7239
2922
3664
7056
3443
5792
9145
5474
7121
2372
9526
349
3317
837
7178
5627
5556
4311
9721
7254
7684
4119
2663
2329
3441
4946
1253
663
8481
2467
141
894
4602
1323
4012
9981
1346
2310
2431
2068
3671
8332
6529
1082
6385
6933
9508
4757
1893
32
1998
5045
6875
2501
2102
6930
3810
8698
8831
9064
994
115
468
7616
7874
7726
2100
2305
7643
1726
1713
9382
5789
9941
1219
545
1905
7608
5682
1296
7470
5934
6180
2992
9056
473
4324
5136
5190
2248
6820
6807
3754
2204
7460
3768
8423
4521
5555
9348
5638
5087
7573
5553
8953
1722
9301
1962
5004
2903
6541
5382
2841
4089
405
4878
2139
5258
3080
1737
3093
4485
2285
3659
115
1332
1508
5294
7681
1765
3023
5054
7851
259
8003
332
5941
9698
6431
1643
2796
5210
7565
463
1388
840
1062
3111
3252
6434
603
376
5863
265
545
9084
948
9684
5949
3146
2680
9322
6944
8600
6018
1296
5636
175
6200
324
7592
3902
1608
4809
7177
529
1025
4037
3874
2563
3203
8695
5460
6930
212
5948
7945
6706
9733
7331
8758
1589
8820
256
784
3321
2787
6303
6048
1458
8169
9866
6025
9978
5912
4332
5673
2886
6335
7494
47
571
7552
9089
9164
8897
2916
9398
4621
9846
3006
9467
2552
966
3262
9135
724
9482
1095
4040
8382
7262
6962
5018
5993
2504
468
5994
5222
8149
894
6532
9045
7558
5540
8090
9563
1548
3584
4446
8964
5983
983
6402
7354
2165
9836
2030
5046
1505
2020
8386
263
2282
9450
9517
17
6575
3716
8205
936
4711
4950
2439
6893
7485
8389
217
2984
699
7422
9198
391
5062
7560
802
5061
1083
4135
3750
7518
6281
1395
39
5650
8991
3641
298
7177
1447
544
651
2566
4275
511
6310
639
7398
1004
645
2091
5479
9704
492
2109
8418
1385
5985
512
767
5656
7839
2932
4855
1501
5885
1448
3172
375
4107
9272
3304
592
9213
8969
7393
6257
4139
2818
2347
3042
6903
6958
3863
1300
8368
5583
7083
4786
9319
7653
969
8421
9345
7103
7973
1064
9629
3665
6689
7788
5350
198
795
1645
9354
4712
6857
9860
7260
9759
6004
5069
4407
7830
3299
8684
2676
3300
9017
4844
1598
3369
3058
4824
6516
6871
538
798
95
1252
6414
5152
8244
1037
8423
1773
8892
3468
7076
2896
1906
1581
4503
5175
925
9598
5620
8390
3695
8773
1877
9549
5964
886
8945
2856
175
101
7150
5093
6762
2265
5300
1803
7437
498
1460
9961
6297
6317
4697
4237
6885
6661
910
2359
6576
9019
7665
9788
8744
9305
4710
1647
683
1908
1086
5037
6044
8449
3801
3095
8696
7705
2378
9910
1849
1712
3803
1642
9626
4514
7985
3891
1437
1630
5216
4836
2138
3032
2354
613
8344
458
9028
7560
6369
1706
2482
7790
2417
6290
4484
395
7311
444
8921
4471
4671
7132
9043
9766
2055
8419
211
3627
6305
9681
1574
5576
7969
443
7615
5897
55
6045
504
2930
1527
8497
2212
4837
5255
97
1815
3497
1912
761
5047
6087
2297
241
7700
8199
7416
1337
3495
1883
9274
9494
1063
8458
9550
3004
2993
9040
4637
9212
7273
5379
7012
5137
2668
2729
3093
9061
5336
9193
2459
809
6958
8191
2621
8309
4455
20
6357
2908
7733
8860
8561
6308
2763
9346
249
1572
5808
3506
7122
3055
6095
8981
8802
1889
1250
6386
4901
6167
7057
5186
192
2916
3094
9813
2276
8560
9219
292
7413
1251
3366
5895
3884
852
6075
552
5785
7179
3922
8359
8509
9997
6195
4255
7991
8121
4207
792
1149
5422
377
8398
5310
4048
3509
4515
9398
315
528
529
4241
8055
6913
1619
9235
7645
8397
9140
7000
2728
1281
5495
8535
719
6492
3704
796
1682
5562
995
1046
1859
3929
7733
2062
1352
3269
2527
858
8382
2151
8690
5617
720
8206
8567
4576
5000
4060
318
7084
8532
2372
9642
3976
6925
4530
3514
5785
1220
8188
5947
840
1534
7735
5773
2585
8306
3518
8611
5034
1360
3710
1951
2669
5749
2085
8269
1369
3948
1549
6814
9886
5079
2227
1128
4808
8574
3085
4620
2182
3862
9964
3593
4443
5990
5982
7087
6901
4103
5942
358
6268
3338
2832
2240
4413
2590
2239
6156
9815
4850
9050
5036
6070
1959
9191
345
9743
2186
1862
1638
6027
8609
2082
1315
5575
8868
5315
2691
4618
7038
8311
3728
3177
7731
8530
2397
4984
7028
2900
491
6082
3553
6138
608
9723
1711
2151
518
4532
2538
1956
5632
1247
6333
1814
2722
3923
6527
9312
2817
6002
5584
632
7513
345
676
2286
1710
5336
559
1610
6836
3378
2466
7621
5603
1751
5973
8844
6005
5360
2662
4160
2418
9659
8080
4209
863
680
6352
8476
6914
899
2852
66
7801
1092
7637
4203
6987
2611
3782
3691
9118
879
6717
2468
9611
944
9330
9244
2928
5451
9381
8961
4260
5431
2309
3162
3312
238
2286
7471
3644
1510
6595
476
4584
5777
6797
2386
8716
770
7474
3310
4097
6496
761
1038
7602
1215
2701
2177
4077
3997
544
1007
9871
2315
6578
4809
3247
1261
994
658
5353
6228
1972
110
9614
5193
132
793
3833
8892
7050
9644
1365
6879
1775
8923
2062
4364
2719
9778
1238
1694
5022
7410
7177
255
4160
6903
6674
9453
8468
2092
6367
4722
8784
4992
8547
4404
3411
1386
8491
6715
9799
7947
6115
5714
6262
8644
9161
9007
655
1960
2865
5206
9944
3907
555
474
4662
2203
2435
5413
6187
4453
232
91
4239
8923
1567
9978
658
1981
824
789
5953
4021
833
4354
8983
1344
7049
4415
4118
1946
4712
8236
3462
1465
9134
389
7869
9549
2201
9551
6655
8422
9707
7781
184
1782
2762
4451
4152
8392
5417
5555
4847
2514
6376
6726
185
6167
3096
4982
9195
3504
2594
4921
3055
9676
2952
7000
3740
1093
6012
1009
6170
3302
8463
5594
8644
9529
5213
1863
5502
7829
3303
3341
1529
313
6432
7192
6677
882
5581
1914
1079
9251
695
9205
3387
6133
6803
9659
8572
9532
3971
2132
2049
3629
462
9216
746
3133
8670
4989
1804
7196
7497
8827
1848
386
290
1614
3523
8488
304
2612
9602
6810
8799
2696
3988
7051
9157
5606
4372
5337
9016
7840
9871
2563
7807
6688
5027
2409
182
5342
5641
4787
4694
6277
5668
1781
4532
7361
2346
609
9513
1292
4771
9885
1218
9577
1567
8342
7704
7200
2253
597
4146
7948
6234
2961
7354
3937
198
2182
2398
1474
1693
4132
3576
6146
884
8555
4112
3305
7491
1333
6368
57
4002
2724
6168
1698
7703
5615
9347
9155
3503
9639
6265
9313
1530
142
9639
